s = [
1023, 1022,  767,  991, 1021, 1019, 1015, 1007,  959,  895,  894,  958,  990, 1006, 1014,  511,  893,  957,  989, 1005, 1013,  766,  891,  955,  987, 1003,  887,  765,  951,  983, 1011,  943, ...
 999,  975,  763,  879,  927, 1020, 1018, 1017,  974,  510,  950,  759,  998,  982,  863,  892,  509,  942,  973,  949,  997,  886,  981,  941,  751,  995,  507,  890,  971,  831,  926,  764, ...
 947,  885,  878,  939,  925,  503,  762, 1016,  735,  979, 1004,  935,  877,  967,  761,  923,  883,  956,  758,  862,  495,  875,  988, 1012,  757,  919,  703,  861,  508,  954,  889, 1002, ...
 985,  871,  750,  755,  953, 1010,  859,  506,  911,  479,  986,  749,  830, 1001,  505, 1009,  639,  966,  734,  829,  934,  747,  502,  924,  855,  965,  733,  940,  876,  922,  827,  501, ...
 888,  447,  743,  760,  933,  963,  847,  731,  874,  918,  494,  702,  984,  499,  756,  823,  952,  917,  493,  860,  701,  870, 1008,  754,  727,  910,  858,  383,  869,  931,  748,  478, ...
 815,  491,  972,  699,  915,  909,  884,  857,  477,  746,  994,  719,  854,  638,  828,  948,  504,  487,  980,  695,  907,  745,  853,  637,  826,  475,  799,  732,  742,  867,  446,  500, ...
 938,  846,  255,  825,  851,  753,  730,  970,  903,  741,  635,  445,  687,  822,  845,  882,  498,  471,  729, 1000,  946,  821,  492,  739,  726,  443,  700,  921,  497,  843,  631,  490, ...
 977,  814,  725,  873,  463,  382,  819,  698,  671,  937,  881,  839,  439,  813,  489,  381,  718,  993,  476,  945,  697,  486,  723,  623,  969,  978,  694,  996,  474,  798,  717,  485, ...
 811,  379,  908,  431,  636,  473,  856,  693,  797,  906,  920,  715,  483,  254,  470,  634,  607,  807,  444,  902,  824,  375,  844,  686,  795,  744,  469,  691,  253,  880,  633,  852, ...
 415,  442,  711,  685,  842,  820,  630,  728,  462,  367,  944,  467,  251,  441,  901,  791,  752,  629,  818,  683,  575,  670,  968,  496,  724,  461,  438,  838,  812,  872,  380,  936, ...
 669,  622,  627,  437,  722,  837,  810,  783,  459,  247,  679,  488,  916,  351,  378,  696,  621,  716,  817,  667,  964,  430,  435,  484,  377,  740,  796,  714,  692,  806,  619,  606, ...
 455,  429,  835,  374,  239,  472,  794,  713,  805,  663,  482,  690,  605,  899,  373,  710,  319,  684,  414,  427,  468,  868,  793,  615,  689,  252,  481,  632,  962,  790,  709,  603, ...
 413,  682,  366,  655,  371,  803,  466,  574,  250,  223,  628,  423,  930,  789,  440,  681,  365,  460,  573,  465,  850,  411,  668,  249,  678,  914,  626,  599,  707,  782,  458,  436, ...
 246,  787,  350,  666,  363,  677,  620,  866,  571,  809,  625,  781,  457,  245,  407,  434,  976,  665,  191,  349,  738,  618,  591,  454,  675,  428,  662,  841,  359,  929,  433,  376, ...
 238,  779,  567,  617,  721,  243,  453,  661,  347,  604,  426,  614,  399,  237,  905,  318,  849,  372,  737,  654,  602,  613,  425,  659,  775,  559,  127,  317,  961,  451,  222,  235, ...
 412,  865,  422,  913,  653,  601,  370,  343,  932,  611,  221,  598,  410,  421,  572,  364,  992,  792,  315,  680,  369,  231,  651,  788,  597,  409,  248,  808,  543,  335,  570,  362, ...
 219,  419,  406,  190,  480,  590,  595,  311,  688,  569,  361,  244,  647,  736,  405,  864,  589,  189,  780,  348,  566,  358,  624,  664,  816,  215,  464,  242,  398,  565,  357,  346, ...
 403,  912,  303,  587,  778,  187,  236,  660,  616,  397,  241,  345,  720,  432,  558,  563,  355,  342,  207,  777,  234,  676,  126,  658,  316,  612,  583,  557,  395,  774,  341,  183, ...
 424,  652,  233,  600,  125,  848,  287,  456,  904,  314,  610,  220,  230,  773,  555,  334,  542,  339,  650,  420,  313,  596,  391,  229,  218,  452,  123,  712,  333,  175,  310,  541, ...
 368,  408,  649,  418,  217,  594,  840,  551,  609,  309,  227,  646,  214,  568,  331,  588,  404,  360,  188,  539,  900,  119,  593,  804,  213,  302,  645,  307,  564,  402,  356,  159, ...
 586,  186,  327,  301,  396,  344,  206,  111,  535,  771,  211,  562,  401,  185,  354,  585,  708,  582,  240,  299,  205,  556,  286,  182,  394,  340,  897,  561,  353,  124,  643,  285, ...
 181,  554,  393,  834,  527,  232,  338,  203,  122,  581,   95,  295,  390,  312,  332,  553,  174,  283,  337,  179,  228,  786,  121,  540,  550,  389,  330,  199,  308,  173,  674,  118, ...
 216,  579,  226,  538,  549,  898,  450,  329,  279,  306,  117,   63,  706,  158,  171,  212,  387,  326,  537,  300,  225,  801,  305,  157,  547,  110,  534,  115,  210,  325,  298,  271, ...
 657,  167,  833,  184,  109,  204,  417,  533,  673,  155,  209,  297,  323,  284,  180,  202,  928,  294,  449,   94,  107,  526,  705,  531,  785,  201,  282,  178,  151,  293,   93,  802, ...
 525,  198,  172,  836,  960,  103,  281,  177,  560,  120,  291,  278,  197,   91,  170,  143,  523,  352,   62,  552,  277,  116,  608,  169,  336,   61,  195,  156,  166,  448,   87,  114, ...
 270,  672,  275,  519,  165,  154,  548,   59,  108,  592,  113,  269,  536,  153,  224,  304,   79,  106,  784,  163,  150,  416,  328,   55,  267,  532,  105,  296,  208,  149,  704,   92, ...
 584,  102,  530,  292,  142,  101,   90,  147,  200,   47,  263,  776,  524,  141,   89,  280,  176,  400,   99,   86,  290,  196,   60,  522,  656,  139,  276,   85,  168,  800,  194,   31, ...
  58,  521,  274,  164,   78,  518,   83,   57,  324,  135,  268,   77,   54,  112,  152,  392,  648,  162,  517,   53,  266,   75,  148,  104,  161,  770,  265,   46,   51,  580,  146,  100, ...
 262,  193,   71,   45,  140,   88,  388,   98,  261,  515,   43,   30,  138,   84,   97,   29,  769,  137,   82,  259,  642,   39,  134,   56,   76,   81,   27,  145,  133,  322,   52,   74, ...
 546,   73,   50,   23,  772,  386,   70,   44,  131,   49,  577,   69,   42,  273,   15,  641,   41,  289,  832,   28,   67,  321,   38,  529,   26,   37,  385,  545,   25,  578,   35,   22, ...
 644,  896,   21,   96,   80,   14,   48,   19,  192,  320,   13,   40,  160,   11,   36,   72,   24,    7,  544,  384,   20,   34,   18,  576,   12,  144,   10,  288,    9,    6,  528,  272, ...
   5,  520,  136,   68,  640,  264,  132,  516,    3,  260,  514,   66,  130,  258,  513,   17,   33,   65,  129,  257,  768,  256,  128,   64,  512,   32,   16,    8,    4,    2,    1,    0
];
